0.093595
0.868866
0.312781
0.714792
0.311542
0.780062
0.855544
0.220491
0.017038
0.903849
0.180037
0.043345
0.777498
0.23748
0.451873
0.965511
0.997914
0.06998
0.171508
0.681301
0.355176
0.797922
0.290061
0.184029
0.118569
0.955629
0.887179
0.544807
0.526868
0.217289
0.454347
0.298119
0.090396
0.843316
0.919635
0.285144
0.60456
0.271094
0.49056
0.724343
0.580798
0.781539
0.609228
0.879579
0.584937
0.665728
0.887179
0.068492
0.451873
0.717882
0.848524
0.652271
0.205645
0.04451
0.930144
0.290061
0.262925
0.136878
0.296683
0.679155
0.359043
0.789969
0.592601
0.530073
0.155425
0.243463
0.162451
0.65575
0.280811
0.437799
0.995985
0.818822
0.377331
0.066197
0.682813
0.910229
0.17202
0.797922
0.787712
0.159039
0.206079
0.206079
0.912573
0.794535
0.246765
0.917855
0.975739
0.422124
0.941518
0.217289
0.607175
0.861569
0.948044
0.050709
0.11337
0.871875
0.766735
0.285144
0.162451
0.994413
0.831928
0.013516
0.619815
0.279373
0.093595
0.981401
0.436673
0.217648
0.91431
0.65575
0.06998
0.080038
0.068492
0.10351
0.642655
0.302977
0.051998
0.184488
0.533548
0.681301
0.633588
0.120326
0.668654
0.756688
0.209197
0.52676
0.396886
0.780888
0.509178
0.926567
0.221855
0.656966
0.777498
0.837784
0.509178
0.364659
0.243496
0.809297
0.279373
0.97166
0.307708
0.756176
0.52728
0.52947
0.820652
0.65575
0.209197
0.679155
0.921604
0.290061
0.180376
0.468402
0.926567
0.217289
0.6019
0.087017
0.879579
0.656966
0.756688
0.666612
0.871716
0.871716
0.79089
0.666612
0.528712
0.299402
0.855544
0.944992
0.974097
0.387538
0.674109
0.741905
0.592601
0.818822
0.920888
0.279373
0.351798
0.861569
0.955629
0.789807
0.681301
0.316613
0.180037
0.580798
0.533548
0.483406
0.836578
0.930404
0.034041
0.343468
0.135502
0.092148
0.871875
0.52728
0.693748
0.794535
0.446984
0.794535
0.46633
0.741905
0.607175
0.159039
0.380788
0.861569
0.184488
0.509178
0.777498
0.191789
0.071348
0.909268
0.222017
0.155425
0.060797
0.509178
0.089389
0.540797
0.341659
0.215669
0.182754
0.090396
0.285144
0.180037
0.46633
0.555071
0.271094
0.378592
0.355176
0.358488
0.987474
0.359043
0.241783
0.529544
0.222017
0.998289
0.619815
0.779521
0.299402
0.107643
0.930822
0.991896
0.727341
0.341659
0.837784
0.781539
0.836877
0.181107
0.04451
0.073256
0.087017
0.563949
0.837784
0.298119
0.12213
0.898318
0.217648
0.347547
0.221855
0.993017
0.387538
0.051998
0.171508
0.781539
0.763346
0.920888
0.654256
0.043345
0.861569
0.29961
0.209197
0.34782
0.947023
0.413543
0.529544
0.247345
0.378345
0.666357
0.584937
0.285373
0.519902
0.28189
0.180376
0.70654
0.535348
0.051998
0.407493
0.535484
0.241783
0.087017
0.503407
0.714417
0.855544
0.242726
0.222017
0.763346
0.153278
0.837784
0.436673
0.396886
0.387538
0.466259
0.217289
0.941518
0.384221
0.23748
0.162451
0.684708
0.941719
0.302977
0.490212
0.871716
0.500864
0.619815
0.57144
0.765299
0.216176
0.242726
0.831758
0.804113
0.063932
0.359043
0.855544
0.673645
0.693748
0.364659
0.779521
0.879579
0.711516
0.824715
0.352272
0.471534
0.905296
0.656966
0.986441
0.182754
0.358541
0.879579
0.787898
0.815626
0.377331
0.717497
0.092148
0.993017
0.29961
0.182754
0.285373
0.171228
0.051998
0.152442
0.534761
0.06998
0.066197
0.380788
0.534761
0.468716
0.222017
0.194934
0.380788
0.312474
0.519902
0.471534
0.60308
0.353211
0.80177
0.994413
0.215669
0.452457
0.279373
0.033485
0.563949
0.849761
0.089389
0.17202
0.909268
0.879579
0.905296
0.23748
0.519902
0.831823
0.033485
0.503407
0.014323
0.526868
0.247345
0.081933
0.162451
0.121573
0.80177
0.439551
0.184488
0.978248
0.089389
0.280807
0.831823
0.679704
0.739153
0.843316
0.07753
0.171508
0.192714
0.184029
0.280807
0.04708
0.520502
0.990932
0.347547
0.090396
0.180037
0.763346
0.357947
0.633588
0.584937
0.990932
0.496128
0.06998
0.285144
0.948044
0.03817
0.135491
0.568097
0.533548
0.135491
0.4153
0.626992
0.296683
0.514265
0.606661
0.843316
0.955793
0.872416
0.307708
0.905296
0.116429
0.540797
0.739153
0.665728
0.673645
0.540797
0.824715
0.118569
0.971123
0.681301
0.654256
0.033485
0.831823
0.416033
0.162451
0.570336
0.034041
0.905296
0.216176
0.06998
0.824715
0.787712
0.023004
0.180376
0.831823
0.465083
0.920888
0.311542
0.033485
0.247345
0.107643
0.449299
0.4153
0.843316
0.930144
0.7342
0.642655
0.941518
0.17202
0.911394
0.377331
0.329575
0.65575
0.80177
0.779521
0.206079
0.843316
0.168585
0.468716
0.089389
0.357947
0.662069
0.299402
0.910229
0.803832
0.955793
0.7342
0.748489
0.446984
0.191789
0.581864
0.633588
0.060797
0.447959
0.34782
0.135491
0.436673
0.668654
0.779521
0.355176
0.809252
0.491636
0.800023
0.37617
0.938126
0.119436
0.678756
0.013516
0.938126
0.575626
0.080038
0.898318
0.073256
0.789807
0.449299
0.466259
0.169126
0.181107
0.249015
0.930144
0.955629
0.406565
0.789969
0.162451
0.192714
0.656966
0.781539
0.693748
0.243496
0.355176
0.8003
0.60308
0.741905
0.981401
0.364659
0.34782
0.209197
0.249015
0.454347
0.107643
0.774194
0.4153
0.399809
0.023856
0.981401
0.995985
0.247345
0.051998
0.871716
0.175605
0.380788
0.090396
0.280811
0.073256
0.180037
0.366007
0.938126
0.679704
0.280807
0.10351
0.043345
0.818822
0.023856
0.965511
0.194351
0.23748
0.280807
0.162451
0.416376
0.071348
0.451873
0.693748
0.241454
0.793061
0.050261
0.92937
0.975739
0.34782
0.205645
0.926567
0.634514
0.042192
0.440458
0.491004
0.859204
0.994413
0.971123
0.619815
0.181107
0.789807
0.016126
0.152618
0.191789
0.014323
0.406565
0.774665
0.447959
0.171228
0.923496
0.780062
0.905296
0.311542
0.920888
0.879579
0.243496
0.756176
0.396886
0.755692
0.930144
0.609508
0.824715
0.568097
0.135491
0.373988
0.530073
0.316613
0.468402
0.159039
0.542507
0.673645
0.711516
0.260937
0.474616
0.089389
0.339931
0.759846
0.748489
0.644067
0.668654
0.200822
0.774665
0.351213
0.774194
0.179599
0.221855
0.777498
0.634514
0.136878
0.759846
0.793061
0.921604
0.633588
0.70654
0.741905
0.678756
0.29961
0.563949
0.634514
0.496128
0.861569
0.29961
0.633588
0.836877
0.119436
0.050261
0.978248
0.491004
0.166015
0.014323
0.339931
0.033485
0.513724
0.063932
0.280807
0.260937
0.060797
0.034041
0.071348
0.945546
0.440458
0.669212
0.668654
0.468716
0.440458
0.614205
0.534384
0.303781
0.513724
0.762167
0.638778
0.674109
0.209197
0.184488
0.136878
0.668654
0.909538
0.530073
0.396886
0.854885
0.329575
0.087017
0.994413
0.724343
0.416033
0.04451
0.70707
0.714417
0.836578
0.060797
0.303781
0.534384
0.341024
0.133483
0.917855
0.824715
0.249015
0.407493
0.911394
0.454347
0.303781
0.316613
0.947023
0.243463
0.804113
0.765299
0.875618
0.384788
0.606621
0.307708
0.400239
0.892198
0.990932
0.92937
0.509178
0.787898
0.092148
0.666612
0.449299
0.378345
0.804113
0.299402
0.300181
0.724343
0.11337
0.474958
0.280811
0.168366
0.633588
0.298119
0.296683
0.70707
0.246765
0.378592
0.509178
0.038791
0.947023
0.416376
0.384788
0.191789
0.662069
0.242726
0.863078
0.152442
0.175605
0.948044
0.926567
0.280807
0.449299
0.837784
0.563949
0.668654
0.921604
0.777498
0.575626
0.693748
0.080038
0.820652
0.216176
0.989561
0.530073
0.85162
0.358488
0.804113
0.468716
0.958676
0.339931
0.042192
0.120326
0.766467
0.159039
0.016126
0.353211
0.216176
0.242726
0.175605
0.184488
0.552908
0.04708
0.909268
0.849761
0.70707
0.490212
0.449299
0.243474
0.437799
0.221855
0.027261
0.312474
0.34782
0.755692
0.971123
0.534384
0.999976
0.741905
0.050261
0.093595
0.609228
0.023004
0.997914
0.406565
0.182754
0.965511
0.241783
0.246765
0.930144
0.981401
0.014323
0.171508
0.491636
0.855544
0.378345
0.051998
0.095577
0.955793
0.116429
0.013516
0.071348
0.447069
0.4153
0.961468
0.981401
0.679155
0.674109
0.153278
0.296683
0.191789
0.221855
0.04451
0.563949
0.793643
0.981401
0.03817
0.246765
0.930404
0.520502
0.471534
0.339931
0.378345
0.351798
0.920888
0.861569
0.355176
0.638778
0.991896
0.780062
0.903849
0.921604
0.993017
0.399809
0.242726
0.29961
0.090396
0.534761
0.446984
0.637356
0.503407
0.831823
0.179599
0.787898
0.17202
0.70654
0.70707
0.995985
0.930442
0.454347
0.552908
0.387538
0.087017
0.855544
0.820652
0.184029
0.855544
0.358541
0.789807
0.555071
0.979712
0.280811
0.999976
0.302977
0.657004
0.798181
0.875618
0.017515
0.666612
0.351798
0.724343
0.241454
0.399809
0.378345
0.34782
0.247345
0.162451
0.179599
0.803832
0.535348
0.703189
0.868866
0.837784
0.378345
0.943634
0.883513
0.810156
0.364922
0.249015
0.921604
0.736726
0.380788
0.152442
0.468816
0.034041
0.654256
0.37617
0.909268
0.606621
0.285373
0.871716
0.311542
0.993017
0.184029
0.875618
0.513724
0.439915
0.168366
0.912573
0.162451
0.399809
0.205645
0.352272
0.10351
0.60308
0.364659
0.836578
0.530073
0.824715
0.095577
0.153278
0.351213
0.447959
0.042192
0.989561
0.4153
0.437799
0.384221
0.756176
0.789969
0.674109
0.727341
0.642655
0.52728
0.474616
0.298119
0.727341
0.37617
0.092148
0.496128
0.093981
0.843316
0.917855
0.818822
0.180376
0.682813
0.926567
0.7342
0.923496
0.353211
0.575626
0.503407
0.246765
0.606621
0.269154
0.779521
0.871115
0.307708
0.666357
0.298119
0.606661
0.260937
0.120326
0.941518
0.184597
0.450965
0.544807
0.152442
0.864177
0.921604
0.307708
0.343468
0.396886
0.529544
0.384788
0.917855
0.503407
0.351798
0.027261
0.871115
0.416033
0.986441
0.017038
0.748489
0.614711
0.714792
0.542507
0.116429
0.684708
0.800023
0.416376
0.714152
0.474958
0.705858
0.528712
0.634514
0.60456
0.815803
0.975739
0.520612
0.205645
0.837784
0.855544
0.529544
0.920888
0.496128
0.820492
0.840858
0.081933
0.38859
0.763346
0.080038
0.685998
0.955629
0.794535
0.941518
0.80177
0.162451
0.97166
0.909538
0.780888
0.668654
0.724343
0.152618
0.352272
0.0695
0.184488
0.358541
0.803832
0.654256
0.491636
0.095577
0.355176
0.080038
0.993017
0.787712
0.23748
0.804113
0.396886
0.217289
0.820374
0.514265
0.809297
0.29961
0.674109
0.800023
0.051998
0.358488
0.597776
0.050709
0.961468
0.65575
0.978248
0.152442
0.941518
0.440458
0.871115
0.159039
0.271094
0.10351
0.399809
0.751476
0.834247
0.634514
0.07753
0.396886
0.500864
0.872416
0.37617
0.530073
0.10351
0.181107
0.748489
0.052725
0.923496
0.684708
0.872416
0.247345
0.869646
0.152442
0.452457
0.215669
0.987474
0.848524
0.092148
0.693748
0.303781
0.087017
0.351213
0.093595
0.656966
0.693748
0.779521
0.071348
0.668654
0.948044
0.921604
0.662069
0.679155
0.491636
0.836578
0.703189
0.133483
0.406565
0.930144
0.800023
0.685728
0.642655
0.107643
0.824715
0.200822
0.991896
0.955793
0.377331
0.080038
0.875618
0.451873
0.29961
0.824715
0.406565
0.180376
0.909268
0.535484
0.606661
0.983677
0.416033
0.711516
0.656966
0.06998
0.249015
0.592601
0.400239
0.21381
0.37617
0.042192
0.155425
0.220491
0.657004
0.800023
0.205645
0.840858
0.766735
0.868866
0.246765
0.8003
0.065956
0.97166
0.11337
0.566154
0.679155
0.581864
0.116429
0.987474
0.352272
0.152618
0.0695
0.869646
0.0695
0.307708
0.217289
0.535348
0.703189
0.883513
0.120326
0.533548
0.169126
0.347547
0.237515
0.861569
0.654256
0.063932
0.909268
0.303781
0.60456
0.215669
0.440458
0.981401
0.872416
0.279373
0.089389
0.909538
0.380788
0.023856
0.837784
0.836578
0.241454
0.926567
0.592601
0.975739
0.422124
0.296683
0.517549
0.92937
0.380788
0.503407
0.633588
0.135491
0.685998
0.107643
0.668654
0.723286
0.290061
0.209197
0.748489
0.665728
0.399809
0.774194
0.555071
0.985994
0.038791
0.280811
0.343468
0.368157
0.555071
0.80177
0.384788
0.917855
0.855544
0.307708
0.92937
0.171508
0.640058
0.575626
0.023004
0.437799
0.714417
0.642655
0.474616
0.943634
0.467707
0.351798
0.679155
0.575626
0.862765
0.307708
0.152442
0.930822
0.384788
0.787898
0.500864
0.810156
0.180037
0.136878
0.194934
0.054212
0.901376
0.329575
0.302977
0.820652
0.483406
0.514265
0.209197
0.634514
0.673645
0.299402
0.087017
0.341024
0.606661
0.528712
0.313785
0.168585
0.081933
0.118569
0.215669
0.606661
0.855544
0.878418
0.080038
0.29961
0.905296
0.581864
0.220491
0.855544
0.413543
0.989561
0.194934
0.474958
0.384788
0.657004
0.563949
0.693748
0.241454
0.883513
0.656966
0.496128
0.159039
0.898318
0.242726
0.666612
0.221855
0.413543
0.8003
0.107643
0.118569
0.824715
0.836578
0.780062
0.014323
0.413543
0.994413
0.021099
0.592601
0.614205
0.909268
0.543271
0.23748
0.34782
0.351213
0.439551
0.341024
0.789807
0.155425
0.943634
0.256835
0.135491
0.217289
0.107643
0.658491
0.678756
0.034041
0.353211
0.530073
0.119436
0.923496
0.514265
0.4153
0.91384
0.017515
0.180376
0.534761
0.368157
0.868866
0.017515
0.246765
0.762167
0.741905
0.159039
0.530073
0.990932
0.989561
0.466259
0.216508
0.407493
0.530073
0.307708
0.570336
0.581864
0.209197
0.042192
0.422124
0.355704
0.387538
0.437799
0.842635
0.380788
0.794535
0.247356
0.358488
0.892198
0.503407
0.280811
0.358541
0.987474
0.279373
0.818822
0.864177
0.923496
0.378345
0.215669
0.703189
0.606661
0.241454
0.741905
0.673645
0.993017
0.221855
0.366007
0.898318
0.050261
0.136878
0.679155
0.184538
0.777498
0.780062
0.917855
0.793643
0.299402
0.080038
0.241454
0.118569
0.766467
0.52676
0.200049
0.426933
0.792217
0.694092
0.909538
0.879579
0.359043
0.17202
0.793061
0.358488
0.440458
0.955793
0.171228
0.609228
0.298119
0.70707
0.246765
0.302977
0.250277
0.930822
0.815626
0.994413
0.526868
0.311542
0.466259
0.974097
0.093595
0.607175
0.79089
0.465083
0.526868
0.474958
0.905296
0.892198
0.159039
0.681301
0.793643
0.694092
0.684708
0.633588
0.133483
0.998289
0.065956
0.640058
0.638778
0.555071
0.794535
0.217648
0.570336
0.089389
0.121573
0.774665
0.454347
0.685998
0.774665
0.422124
0.990932
0.711516
0.539353
0.503407
0.862765
0.503407
0.050261
0.831928
0.256835
0.49056
0.168585
0.65575
0.133483
0.668654
0.787712
0.794535
0.981401
0.658491
0.694092
0.741905
0.961468
0.607175
0.436673
0.081933
0.535484
0.606661
0.971123
0.535348
0.358541
0.971123
0.034041
0.311542
0.552908
0.491636
0.184029
0.179599
0.607175
0.765299
0.014323
0.120326
0.407493
0.200822
0.65575
0.329575
0.043345
0.815626
0.373988
0.717497
0.535484
0.4153
0.529544
0.355704
0.883513
0.930404
0.800023
0.584937
0.519902
0.451873
0.491636
0.780062
0.06998
0.919635
0.466259
0.727341
0.034041
0.987474
0.063932
0.054769
0.52676
0.905296
0.159039
0.440458
0.080038
0.341024
0.073256
0.642655
0.674109
0.990932
0.30558
0.153278
0.892198
0.353211
0.79089
0.468716
0.06998
0.407493
0.642655
0.222017
0.70707
0.237515
0.168585
0.364922
0.945546
0.471534
0.103414
0.042192
0.12213
0.609228
0.52676
0.296683
0.355176
0.249015
0.535348
0.517549
0.930442
0.366007
0.830986
0.52947
0.10351
0.878418
0.97166
0.205645
0.351213
0.399809
0.79089
0.400239
0.561782
0.685998
0.555071
0.993017
0.998289
0.642655
0.364659
0.351798
0.243496
0.862765
0.930404
0.406565
0.552908
0.859204
0.451873
0.184488
0.948044
0.961468
0.779521
0.568097
0.447069
0.824715
0.945546
0.426933
0.820652
0.271094
0.384221
0.898318
0.864177
0.787898
0.780062
0.681301
0.741905
0.787712
0.849761
0.684708
0.260937
0.29961
0.408787
0.794535
0.657004
0.169126
0.8003
0.70707
0.979712
0.810156
0.995985
0.668654
0.528608
0.329575
0.503407
0.353211
0.787712
0.368157
0.378345
0.285144
0.756176
0.303781
0.535348
0.861569
0.194934
0.967246
0.152442
0.714792
0.606621
0.194351
0.930144
0.724343
0.220491
0.12213
0.535348
0.396886
0.999976
0.869646
0.116429
0.836877
0.529544
0.205645
0.210984
0.837784
0.519902
0.871115
0.947023
0.656966
0.780062
0.739153
0.714792
0.529544
0.095577
0.517549
0.447959
0.774665
0.159039
0.034041
0.180376
0.52728
0.990932
0.561782
0.662069
0.439915
0.941518
0.139219
0.609508
0.543271
0.184597
0.192714
0.517549
0.779521
0.312781
0.269154
0.182754
0.217648
0.8003
0.535348
0.013516
0.216176
0.243463
0.685998
0.184488
0.243474
0.093595
0.780888
0.451873
0.666612
0.681301
0.133483
0.260937
0.12213
0.065956
0.129573
0.887179
0.592601
0.917855
0.169126
0.861569
0.682813
0.869646
0.859204
0.353211
0.864177
0.714792
0.780888
0.184538
0.093595
0.520612
0.500864
0.068492
0.387538
0.879579
0.447959
0.355176
0.948044
0.634514
0.483406
0.619815
0.544807
0.781539
0.256835
0.355176
0.609508
0.943634
0.503407
0.777498
0.961468
0.162451
0.765299
0.247345
0.068492
0.03817
0.0695
0.528712
0.863241
0.879579
0.679704
0.089389
0.831823
0.998289
0.04451
0.794535
0.626992
0.965511
0.739153
0.241454
0.168585
0.789807
0.416033
0.903849
0.678756
0.658583
0.774665
0.800023
0.217648
0.944992
0.765299
0.271094
0.050261
0.406565
0.181107
0.887179
0.871716
0.302977
0.855544
0.634514
0.60456
0.051998
0.793061
0.855544
0.843316
0.205645
0.717882
0.930144
0.050261
0.979712
0.217289
0.380788
0.910229
0.34782
0.191789
0.471534
0.955793
0.519902
0.175605
0.422124
0.269154
0.714152
0.073256
0.637356
0.685728
0.017515
0.302977
0.678756
0.848524
0.20507
0.042192
0.136878
0.714417
0.38859
0.329575
0.820652
0.366007
0.017515
0.073256
0.979712
0.452457
0.4153
0.222017
0.831823
0.766735
0.243474
0.789969
0.926567
0.179599
0.054212
0.49056
0.955793
0.329575
0.897731
0.12213
0.658491
0.684708
0.449299
0.947023
0.674109
0.990932
0.766735
0.52947
0.892198
0.222017
0.673645
0.054769
0.871716
0.215669
0.714417
0.116429
0.194934
0.052725
0.668654
0.637356
0.871115
0.269154
0.80177
0.416033
0.79089
0.017515
0.081933
0.609508
0.033485
0.34782
0.869646
0.013516
0.454347
0.184538
0.4153
0.65575
0.280811
0.452457
0.249015
0.087017
0.685998
0.868866
0.364659
0.466259
0.12213
0.033485
0.781518
0.12213
0.793061
0.416376
0.352272
0.023856
0.357947
0.366007
0.971123
0.633588
0.79089
0.440458
0.052725
0.384788
0.815626
0.093981
0.80177
0.970508
0.159039
0.930442
0.938126
0.766467
0.11337
0.830986
0.971123
0.246765
0.107643
0.52728
0.998289
0.339931
0.540797
0.794535
0.474616
0.875618
0.447959
0.998289
0.678756
0.07753
0.017038
0.756176
0.79089
0.339931
0.994413
0.656966
0.748489
0.017038
0.998289
0.237515
0.837784
0.978248
0.449299
0.793061
0.241783
0.836578
0.681301
0.491004
0.994413
0.013516
0.359043
0.609508
0.387538
0.787712
0.042192
0.679155
0.765299
0.727341
0.089389
0.468716
0.581864
0.955793
0.280811
0.711516
0.674109
0.714792
0.216176
0.815626
0.081933
0.500864
0.222017
0.352272
0.311542
0.566154
0.955793
0.685998
0.703189
0.243463
0.656966
0.52947
0.440458
0.073256
0.909538
0.209197
0.52947
0.762167
0.637356
0.447069
0.921604
0.29961
0.526868
0.941518
0.724343
0.748489
0.181107
0.780888
0.249015
0.741905
0.180037
0.135491
0.861569
0.03817
0.387538
0.491004
0.74962
0.955793
0.609191
0.354092
0.779521
0.815626
0.017515
0.711516
0.491636
0.820652
0.868866
0.535348
0.437799
0.068492
0.899961
0.399809
0.971123
0.930822
0.65575
0.241783
0.836877
0.520502
0.378345
0.422124
0.70654
0.378345
0.830986
0.034041
0.657004
0.7342
0.674109
0.194351
0.535348
0.903849
0.989561
0.779521
0.450965
0.981401
0.271094
0.781518
0.787712
0.11337
0.815626
0.242726
0.644067
0.136878
0.619815
0.544807
0.804113
0.862765
0.298119
0.503407
0.38859
0.912573
0.519902
0.249015
0.923496
0.948044
0.684708
0.849761
0.436673
0.640058
0.184538
0.017515
0.797922
0.12213
0.831928
0.192714
0.780062
0.054769
0.762167
0.262925
0.133483
0.384221
0.948044
0.081933
0.815626
0.04708
0.815626
0.912573
0.12213
0.089389
0.153278
0.861569
0.820652
0.990932
0.637356
0.540797
0.529544
0.685998
0.220491
0.638778
0.159039
0.678756
0.849761
0.285373
0.407493
0.051998
0.175605
0.875618
0.597776
0.861569
0.519475
0.544807
0.269154
0.606621
0.352272
0.175605
0.955793
0.6019
0.887179
0.974097
0.181107
0.290061
0.871875
0.678756
0.399809
0.911394
0.777498
0.17202
0.923496
0.871716
0.491636
0.490212
0.4153
0.491636
0.471534
0.205645
0.679704
0.171508
0.685998
0.377331
0.978248
0.468716
0.033485
0.249015
0.837784
0.153278
0.452457
0.679155
0.355704
0.033485
0.875618
0.341024
0.152618
0.765299
0.723286
0.727341
0.243496
0.555071
0.377331
0.762167
0.509178
0.943634
0.815626
0.917855
0.606661
0.447069
0.948044
0.91384
0.378345
0.184029
0.606621
0.961468
0.063932
0.503407
0.983677
0.452457
0.971123
0.241454
0.120326
0.352272
0.241454
0.222017
0.948044
0.205645
0.903849
0.640058
0.714792
0.519475
0.30558
0.824715
0.058954
0.861569
0.780888
0.57144
0.279373
0.941547
0.592601
0.216176
0.923496
0.20507
0.864177
0.987474
0.756176
0.312474
0.299402
0.654256
0.0695
0.407493
0.107643
0.981401
0.416376
0.830986
0.269154
0.406565
0.043345
0.530073
0.909268
0.179599
0.487623
0.093981
0.220491
0.107643
0.930822
0.093595
0.087017
0.243474
0.051998
0.748489
0.37617
0.038791
0.237515
0.243496
0.606661
0.519902
0.413543
0.765299
0.10351
0.073256
0.871875
0.467707
0.093981
0.136878
0.52947
0.941518
0.8003
0.543271
0.921604
0.191789
0.766467
0.80177
0.200822
0.57144
0.910229
0.855544
0.194934
0.447959
0.711516
0.65575
0.652271
0.249015
0.168585
0.352272
0.80177
0.182754
0.303781
0.606621
0.243474
0.299402
0.614205
0.798181
0.875618
0.200049
0.343468
0.52676
0.793643
0.971123
0.215669
0.762167
0.051998
0.809252
0.908797
0.714417
0.60456
0.930442
0.920888
0.437799
0.339931
0.162451
0.869646
0.987474
0.694092
0.38859
0.7342
0.887179
0.60308
0.727341
0.388962
0.247345
0.793061
0.514265
0.221855
0.043345
0.840858
0.221855
0.584937
0.071348
0.766467
0.246765
0.869646
0.316613
0.614711
0.17202
0.399809
0.724343
0.657004
0.930144
0.831758
0.355704
0.28189
0.358541
0.930144
0.191789
0.242726
0.052725
0.998289
0.974537
0.474616
0.79089
0.483406
0.899961
0.945546
0.050261
0.446984
0.979712
0.910229
0.269154
0.353211
0.307708
0.153278
0.439915
0.938126
0.831823
0.815626
0.780888
0.657004
0.79089
0.153278
0.0695
0.837784
0.875618
0.714417
0.919635
0.961468
0.555071
0.685998
0.540797
0.303781
0.051998
0.351798
0.166015
0.945546
0.343468
0.181107
0.780062
0.407493
0.496128
0.093595
0.555071
0.997914
0.909538
0.180037
0.017038
0.871716
0.809252
0.787712
0.540797
0.358541
0.054769
0.027261
0.540797
0.883513
0.679155
0.831823
0.65575
0.358541
0.023004
0.436673
0.714417
0.017038
0.326707
0.285373
0.80177
0.313785
0.452457
0.836877
0.842635
0.990932
0.095577
0.998289
0.11337
0.060797
0.837784
0.703189
0.466259
0.200049
0.765299
0.724343
0.358541
0.606661
0.803832
0.205645
0.892198
0.471534
0.422124
0.978248
0.023004
0.781518
0.466259
0.755692
0.634514
0.063932
0.905296
0.724343
0.948044
0.945546
0.104905
0.930404
0.609508
0.454347
0.714417
0.975739
0.8003
0.243496
0.868866
0.285144
0.305898
0.919635
0.903849
0.358488
0.063932
0.513724
0.961468
0.766735
0.674109
0.810156
0.994413
0.769943
0.487623
0.714152
0.491636
0.221855
0.107643
0.662069
0.769943
0.12213
0.693748
0.17202
0.60456
0.407493
0.175605
0.883513
0.347547
0.341659
0.513724
0.058954
0.34782
0.081933
0.955793
0.831758
0.793061
0.910229
0.739153
0.437799
0.03817
0.727341
0.184538
0.693748
0.923496
0.989561
0.855544
0.901989
0.681301
0.781539
0.864177
0.378345
0.993017
0.329575
0.050261
0.575626
0.998289
0.520612
0.352272
0.329575
0.836877
0.222017
0.23748
0.530073
0.909268
0.662069
0.023004
0.171228
0.247345
0.944992
0.652271
0.221855
0.355704
0.468716
0.774665
0.439915
0.377331
0.352272
0.810156
0.780888
0.529544
0.311542
0.329575
0.70707
0.247345
0.300181
0.930822
0.633588
0.352272
0.921604
0.8003
0.815626
0.454347
0.606621
0.930442
0.684708
0.80177
0.050261
0.848524
0.092148
0.169126
0.447959
0.903849
0.136878
0.995985
0.809297
0.191789
0.606661
0.614205
0.987474
0.910229
0.285144
0.437799
0.500864
0.871716
0.883513
0.535484
0.378345
0.994413
0.033485
0.358541
0.65575
0.777498
0.379675
0.70707
0.836578
0.614711
0.987474
0.80177
0.693748
0.994413
0.930822
0.974097
0.339931
0.080038
0.162451
0.693748
0.787898
0.243474
0.638778
0.210984
0.989561
0.205645
0.243463
0.451873
0.540797
0.903849
0.965511
0.437799
0.714417
0.849761
0.353211
0.416033
0.353211
0.120326
0.756176
0.609508
0.741905
0.169126
0.180037
0.080038
0.46633
0.584937
0.804113
0.503407
0.780062
0.29961
0.714792
0.955793
0.209197
0.03817
0.339931
0.711516
0.152442
0.535348
0.781539
0.824715
0.903849
0.777498
0.872416
0.855544
0.714152
0.358488
0.917855
0.703189
0.723286
0.930822
0.437799
0.869646
0.529544
0.27673
0.609508
0.614711
0.543271
0.657004
0.12213
0.307708
0.406565
0.509178
0.312781
0.526868
0.210984
0.471534
0.979712
0.449299
0.921604
0.06998
0.135491
0.79089
0.685998
0.20507
0.52676
0.46633
0.29961
0.815626
0.384788
0.892198
0.581864
0.581864
0.316613
0.440458
0.520502
0.7342
0.312474
0.300181
0.741905
0.237515
0.399809
0.136878
0.944992
0.060797
0.800023
0.920888
0.241454
0.073256
0.763346
0.299402
0.168585
0.944992
0.864177
0.871115
0.65575
0.831823
0.529544
0.714417
0.133483
0.396886
0.971123
0.658583
0.182754
0.437799
0.879579
0.923496
0.210984
0.780062
0.818822
0.597776
0.981401
0.060797
0.34782
0.413543
0.755692
0.871115
0.756688
0.644183
0.243463
0.269154
0.563949
0.071348
0.168585
0.717882
0.06998
0.535484
0.634514
0.184488
0.679155
0.711516
0.351213
0.152618
0.509178
0.12213
0.933098
0.347547
0.892198
0.836578
0.794535
0.051998
0.724343
0.0695
0.581864
0.945546
0.209197
0.840858
0.711516
0.944992
0.023004
0.711516
0.339931
0.119436
0.714792
0.944992
0.998289
0.339931
0.920888
0.945546
0.014323
0.171228
0.050261
0.609508
0.8003
0.379675
0.152618
0.192714
0.407493
0.79089
0.299402
0.152618
0.679704
0.483406
0.209197
0.756176
0.774665
0.447069
0.542507
0.302977
0.217289
0.29961
0.416376
0.04451
0.37617
0.944992
0.682813
0.396886
0.685998
0.339931
0.948044
0.570336
0.250277
0.491004
0.943634
0.353211
0.717882
0.973478
0.241454
0.014323
0.871716
0.842635
0.387538
0.592601
0.04451
0.033485
0.917855
0.717882
0.152618
0.879579
0.358541
0.717882
0.923496
0.92937
0.326707
0.640058
0.407493
0.575626
0.014323
0.979712
0.933098
0.666612
0.46633
0.570336
0.054769
0.352272
0.0695
0.222017
0.892198
0.339931
0.364659
0.068492
0.836877
0.171508
0.241454
0.52676
0.182754
0.875618
0.023004
0.093595
0.912573
0.221855
0.694092
0.474958
0.451873
0.180376
0.917855
0.180376
0.779521
0.997914
0.948044
0.714792
0.899961
0.755692
0.119436
0.17202
0.135491
0.843316
0.871115
0.396886
0.809252
0.247345
0.868866
0.910229
0.666612
0.818822
0.662069
0.999976
0.407493
0.491636
0.861569
0.34782
0.184538
0.789807
0.633588
0.777498
0.875618
0.290061
0.871115
0.781518
0.152442
0.70707
0.979712
0.991896
0.299402
0.095577
0.990932
0.70707
0.234467
0.4153
0.135491
0.092148
0.920888
0.169126
0.021099
0.941518
0.396886
0.8003
0.810156
0.989561
0.490212
0.490212
0.879579
0.837784
0.29961
0.52676
0.634514
0.862765
0.192714
0.968653
0.118569
0.756176
0.116429
0.849761
0.555071
0.678756
0.665728
0.329575
0.400239
0.206079
0.905296
0.312781
0.120326
0.581864
0.179599
0.974097
0.358541
0.073256
0.774665
0.794535
0.8003
0.975739
0.398979
0.054769
0.987474
0.312474
0.073256
0.879579
0.534761
0.755692
0.209197
0.503407
0.04451
0.824715
0.215669
0.584937
0.568097
0.220491
0.010474
0.159039
0.921604
0.10351
0.153278
0.793061
0.723286
0.436673
0.741905
0.944992
0.179599
0.774665
0.380788
0.206079
0.544807
0.739153
0.981401
0.779521
0.071348
0.679155
0.468716
0.033485
0.247345
0.941518
0.79089
0.474958
0.329575
0.119436
0.724343
0.118569
0.781539
0.98472
0.998289
0.909538
0.153278
0.679155
0.065956
0.693748
0.529544
0.466259
0.930144
0.269154
0.216176
0.978248
0.836578
0.987474
0.179599
0.050261
0.519902
0.191789
0.978248
0.474616
0.919635
0.748489
0.6703
0.396886
0.762167
0.920888
0.241454
0.917855
0.081933
0.119436
0.220491
0.353211
0.017515
0.633588
0.04451
0.607175
0.619815
0.741905
0.892198
0.815626
0.912573
0.669212
0.561782
0.296683
0.023856
0.422124
0.387538
0.071348
0.217648
0.314221
0.471534
0.483406
0.52676
0.784241
0.849761
0.862765
0.192714
0.711516
0.353211
0.824715
0.355704
0.353211
0.014323
0.118569
0.517549
0.938126
0.741905
0.961468
0.878418
0.971123
0.993017
0.408787
0.780888
0.52728
0.107643
0.399809
0.027261
0.991896
0.089389
0.468716
0.905296
0.246765
0.051998
0.597776
0.241454
0.179599
0.246765
0.013516
0.836578
0.787712
0.657004
0.836877
0.471534
0.967246
0.637356
0.058954
0.662069
0.903849
0.898318
0.809297
0.033485
0.314221
0.794535
0.49056
0.774665
0.70654
0.152442
0.917855
0.120326
0.634514
0.634514
0.842635
0.871115
0.299402
0.406565
0.944992
0.563949
0.29961
0.221855
0.092148
0.798181
0.793061
0.97166
0.471534
0.815626
0.971123
0.693748
0.30558
0.343468
0.4153
0.454347
0.519475
0.769943
0.093981
0.153278
0.209197
0.377331
0.836877
0.714792
0.200822
0.449299
0.561782
0.809297
0.979712
0.093981
0.8003
0.909268
0.530503
0.080038
0.471534
0.249015
0.058954
0.121573
0.237515
0.789969
0.741905
0.633588
0.836877
0.155425
0.606661
0.820374
0.380788
0.440458
0.789969
0.180376
0.974537
0.234467
0.081933
0.184597
0.869646
0.789969
0.038791
0.637356
0.133483
0.871716
0.27673
0.241454
0.192714
0.351798
0.116429
0.447069
0.063932
0.256835
0.378345
0.194351
0.592601
0.898318
0.8003
0.080038
0.312781
0.305898
0.930404
0.179599
0.657004
0.068492
0.305898
0.520612
0.454347
0.03817
0.447959
0.06998
0.303781
0.256835
0.343468
0.296683
0.384221
0.519475
0.500864
0.792217
0.217648
0.298119
0.626992
0.249015
0.978248
0.089389
0.70654
0.517549
0.830986
0.978248
0.780888
0.711516
0.29961
0.358541
0.298119
0.65575
0.396886
0.364659
0.071348
0.930144
0.422124
0.466259
0.724343
0.926567
0.514265
0.314221
0.794535
0.609228
0.090396
0.260937
0.657004
0.580798
0.121573
0.519902
0.133483
0.191789
0.329575
0.468816
0.449299
0.513724
0.526868
0.682813
0.368157
0.116429
0.542507
0.490212
0.986441
0.184488
0.264609
0.451873
0.285373
0.787898
0.727341
0.38859
0.514265
0.987474
0.090396
0.454347
0.899961
0.181107
0.669212
0.662069
0.339931
0.678756
0.830986
0.930144
0.416033
0.269154
0.656966
0.903849
0.191789
0.471534
0.513724
0.107643
0.739153
0.303781
0.930442
0.013516
0.787898
0.302977
0.400239
0.118569
0.656966
0.133483
0.200822
0.407493
0.944992
0.050261
0.535348
0.451873
0.37617
0.406565
0.089389
0.987474
0.724343
0.990932
0.133483
0.714792
0.023856
0.168585
0.396886
0.437799
0.673645
0.355176
0.529544
0.120326
0.923496
0.089389
0.681301
0.803832
0.803832
0.864177
0.943634
0.380788
0.948044
0.192714
0.339931
0.241454
0.815626
0.215669
0.989561
0.875618
0.358541
0.614205
0.17202
0.17202
0.666357
0.989561
0.169126
0.355704
0.368157
0.637356
0.640058
0.181107
0.534761
0.116429
0.637356
0.561782
0.302977
0.217648
0.98472
0.789807
0.222017
0.756176
0.820652
0.70654
0.666612
0.766735
0.221855
0.436673
0.944992
0.714417
0.119436
0.779521
0.426933
0.789807
0.496128
0.892198
0.797922
0.553175
0.831758
0.406565
0.787898
0.217289
0.944992
0.975739
0.241454
0.657004
0.290061
0.217648
0.766467
0.364659
0.37617
0.171508
0.311542
0.535348
0.762167
0.168585
0.883513
0.840858
0.215669
0.093595
0.071348
0.849761
0.910229
0.993017
0.237515
0.210984
0.614205
0.787712
0.836877
0.378592
0.396886
0.279373
0.200049
0.23748
0.413543
0.052725
0.329575
0.575626
0.168585
0.568097
0.215669
0.451873
0.681301
0.285373
0.087017
0.994413
0.703189
0.209197
0.237515
0.449299
0.991896
0.468716
0.358541
0.944992
0.519475
0.118569
0.222017
0.855544
0.581864
0.217648
0.12213
0.519475
0.247345
0.347547
0.303781
0.52676
0.034041
0.329575
0.824715
0.449299
0.717882
0.92937
0.471534
0.818822
0.909268
0.184597
0.961468
0.519475
0.666612
0.016126
0.592601
0.978248
0.451873
0.727341
0.180037
0.739153
0.490212
0.723286
0.961468
0.909268
0.607175
0.513724
0.592601
0.081933
0.563949
0.682813
0.947023
0.246765
0.955629
0.989561
0.901376
0.399809
0.050261
0.619815
0.978248
0.789807
0.70654
0.681301
0.979712
0.654256
0.466259
0.247345
0.781518
0.941518
0.780062
0.034041
0.669212
0.120326
0.399809
0.614205
0.809297
0.200049
0.285373
0.474616
0.784241
0.034041
0.763346
0.657004
0.995985
0.217289
0.120326
0.307708
0.575626
0.534761
0.017038
0.800023
0.220491
0.534761
0.07753
0.396886
0.930822
0.471534
0.023856
0.741905
0.926567
0.666612
0.285144
0.519475
0.449299
0.483406
0.528608
0.471534
0.553175
0.060797
0.416376
0.063932
0.948044
0.678756
0.447069
0.923496
0.990932
0.191789
0.781539
0.04708
0.290061
0.093981
0.944992
0.945546
0.377331
0.766467
0.642655
0.871875
0.303781
0.666612
0.092148
0.377331
0.396886
0.679155
0.703189
0.500864
0.194351
0.451873
0.766467
0.70654
0.343468
0.200049
0.789969
0.779521
0.27673
0.528712
0.46633
0.679704
0.290061
0.446984
0.727341
0.534761
0.637356
0.339931
0.80177
0.703189
0.181107
0.921604
0.869646
0.406565
0.955793
0.714792
0.986441
0.707116
0.447959
0.471534
0.685998
0.060797
0.296683
0.437799
0.37617
0.609228
0.034041
0.864177
0.311542
0.033485
0.116429
0.184488
0.634514
0.133483
0.975739
0.938126
0.843316
0.347547
0.926567
0.679704
0.017038
0.092148
0.60456
0.899961
0.787898
0.013516
0.068492
0.679704
0.831928
0.542507
0.298119
0.787712
0.071348
0.520612
0.364922
0.831823
0.682813
0.79089
0.519902
0.763346
0.209845
0.780888
0.7342
0.991896
0.815626
0.355176
0.054769
0.311542
0.221855
0.909538
0.271094
0.351213
0.358541
0.503407
0.355704
0.152442
0.774665
0.379675
0.694092
0.679155
0.714792
0.256835
0.04451
0.948044
0.774665
0.80177
0.271094
0.766467
0.519475
0.46633
0.06998
0.364922
0.063932
0.781518
0.038791
0.668654
0.406565
0.575626
0.668654
0.042192
0.013516
0.060797
0.136878
0.955629
0.674109
0.530073
0.584937
0.606661
0.792217
0.810156
0.824715
0.290061
0.777498
0.087017
0.987474
0.685998
0.836877
0.580798
0.804113
0.724343
0.205645
0.06998
0.820652
0.133483
0.399809
0.180037
0.491004
0.736726
0.883513
0.903849
0.169126
0.679155
0.975739
0.081933
0.440458
0.474958
0.681301
0.986441
0.756688
0.955793
0.948044
0.756176
0.396886
0.774194
0.665728
0.793061
0.8003
0.684708
0.678756
0.892198
0.04451
0.215669
0.60456
0.824715
0.23748
0.638778
0.975739
0.250277
0.38859
0.280807
0.570336
0.879579
0.727341
0.271094
0.120326
0.793061
0.756688
0.780062
0.483406
0.871115
0.060797
0.406565
0.561001
0.351798
0.514265
0.871875
0.52676
0.38859
0.23748
0.787898
0.487623
0.887179
0.563949
0.765299
0.215669
0.474616
0.468716
0.792217
0.285144
0.118569
0.243496
0.093595
0.07753
0.871716
0.777498
0.093981
0.210984
0.312781
0.220491
0.626992
0.168366
0.29961
0.407493
0.678756
0.780888
0.871115
0.794535
0.779521
0.500864
0.824715
0.312781
0.205645
0.184029
0.777498
0.12213
0.413543
0.451873
0.440458
0.592601
0.52728
0.883513
0.7342
0.633588
0.909538
0.407493
0.528712
0.247345
0.311542
0.955629
0.159039
0.65575
0.136878
0.872416
0.054212
0.859204
0.52676
0.848524
0.530073
0.241454
0.054212
0.468402
0.637356
0.606661
0.454347
0.181107
0.358488
0.961468
0.999976
0.840858
0.923496
0.364922
0.422124
0.818822
0.879579
0.01273
0.451873
0.681301
0.997914
0.042192
0.352272
0.446984
0.607175
0.65575
0.426933
0.568097
0.540797
0.975061
0.991896
0.089389
0.043345
0.468402
0.756176
0.581864
0.52947
0.364659
0.378345
0.836877
0.10351
0.910229
0.054212
0.580798
0.955629
0.793061
0.965511
0.221855
0.021099
0.563949
0.285144
0.592601
0.789807
0.413543
0.474616
0.898318
0.180376
0.107643
0.38859
0.171508
0.739153
0.989561
0.034041
0.926567
0.748489
0.192714
0.892198
0.831928
0.175605
0.135491
0.043345
0.378345
0.107643
0.682813
0.247345
0.358488
0.519475
0.529544
0.399809
0.210984
0.439915
0.242726
0.810156
0.166015
0.34782
0.655658
0.70707
0.171508
0.780888
0.474616
0.416033
0.358488
0.171508
0.073256
0.955629
0.971123
0.241454
0.407493
0.17202
0.162451
0.637356
0.237515
0.408787
0.944992
0.685728
0.357947
0.644183
0.755692
0.965511
0.787898
0.921604
0.329575
0.378345
0.054212
0.879579
0.290061
0.034041
0.06998
0.871875
0.563949
0.464724
0.296683
0.693748
0.530073
0.993017
0.200049
0.836578
0.192714
0.961468
0.073256
0.071348
0.107643
0.70707
0.530073
0.923496
0.179599
0.243463
0.03817
0.152618
0.529544
0.153278
0.246765
0.961468
0.892198
0.175605
0.168366
0.614711
0.714152
0.763346
0.03817
0.406565
0.65575
0.220491
0.756176
0.205645
0.359043
0.926567
0.092148
0.250277
0.378345
0.38859
0.23748
0.042192
0.051998
0.535484
0.023856
0.899961
0.842635
0.849761
0.368157
0.447959
0.27673
0.222017
0.780062
0.872416
0.837784
0.180037
0.919635
0.91431
0.965511
0.912573
0.303781
0.901989
0.831928
0.926567
0.269154
0.779521
0.087017
0.575626
0.774665
0.656966
0.794535
0.911394
0.848524
0.249015
0.387538
0.528712
0.849761
0.930144
0.986441
0.014323
0.152618
0.050261
0.70707
0.756176
0.679704
0.727341
0.703189
0.912573
0.302977
0.755692
0.945546
0.989561
0.159039
0.986441
0.519475
0.135502
0.978248
0.685998
0.606621
0.422124
0.998289
0.52947
0.930822
0.021099
0.681301
0.930404
0.781539
0.447069
0.837784
0.917855
0.285373
0.837784
0.353211
0.116429
0.080038
0.948044
0.909538
0.633588
0.014323
0.714417
0.200822
0.871875
0.780888
0.840858
0.058954
0.930442
0.184538
0.013516
0.107643
0.468716
0.837784
0.311542
0.12213
0.570336
0.247345
0.666612
0.194934
0.981401
0.561782
0.192714
0.358541
0.179599
0.378592
0.869646
0.666612
0.182754
0.092148
0.089389
0.947023
0.809252
0.034041
0.779521
0.447069
0.12213
0.710096
0.454347
0.517549
0.180037
0.407493
0.368157
0.290061
0.609191
0.965511
0.087017
0.280807
0.642655
0.249015
0.938126
0.303781
0.191789
0.116429
0.241783
0.714417
0.118569
0.724343
0.989561
0.241783
0.544807
0.422124
0.79089
0.633588
0.575626
0.303781
0.933098
0.180037
0.553175
0.384221
0.341024
0.413543
0.379675
0.168366
0.872416
0.152618
0.994413
0.513724
0.34782
0.92937
0.780062
0.909268
0.70707
0.530073
0.831928
0.798181
0.714417
0.669212
0.818822
0.666612
0.384788
0.955793
0.519902
0.23748
0.679155
0.930144
0.534384
0.217289
0.377331
0.678756
0.12213
0.014323
0.815803
0.681301
0.642655
0.809297
0.440458
0.955793
0.509178
0.387538
0.769943
0.974097
0.781539
0.017038
0.947023
0.898318
0.794535
0.52676
0.38859
0.216176
0.526868
0.280811
0.724343
0.674109
0.280807
0.535348
0.626992
0.543271
0.60308
0.215669
0.831928
0.787712
0.606661
0.368157
0.97166
0.034041
0.216176
0.357947
0.051998
0.180376
0.879579
0.490212
0.087017
0.668654
0.303781
0.194934
0.437799
0.290061
0.840858
0.416033
0.543271
0.184597
0.642655
0.633588
0.766735
0.387538
0.343468
0.468716
0.991896
0.422124
0.871115
0.973478
0.965511
0.849761
0.050261
0.570336
0.013516
0.302977
0.384221
0.384221
0.703189
0.529544
0.466259
0.994413
0.400239
0.975739
0.225191
0.787898
0.135491
0.237515
0.678756
0.848524
0.467707
0.539353
0.152442
0.171228
0.449299
0.570336
0.491004
0.07753
0.955629
0.736726
0.107643
0.436673
0.169126
0.474616
0.989561
0.717882
0.171508
0.180376
0.774665
0.592601
0.965511
0.637356
0.79089
0.637356
0.755692
0.759846
0.205645
0.619815
0.509178
0.673645
0.194934
0.021099
0.095577
0.673645
0.205645
0.798181
0.923496
0.52676
0.917855
0.364659
0.054769
0.194351
0.073256
0.958676
0.789969
0.068492
0.542507
0.991896
0.756176
0.436673
0.990932
0.769943
0.955629
0.657004
0.491004
0.575626
0.225191
0.679704
0.071348
0.789969
0.243463
0.979712
0.777498
0.577557
0.439915
0.093981
0.779521
0.285373
0.171228
0.52728
0.7342
0.206079
0.657004
0.407493
0.054212
0.377331
0.968653
0.451873
0.519902
0.711516
0.958676
0.654256
0.673645
0.191789
0.666612
0.474958
0.70707
0.384788
0.379675
0.368157
0.210984
0.01273
0.217648
0.243463
0.971123
0.406565
0.871115
0.326707
0.168585
0.087017
0.490212
0.220491
0.514265
0.03817
0.378592
0.399809
0.051998
0.299402
0.247345
0.793061
0.271094
0.989561
0.466259
0.657004
0.347547
0.92937
0.662069
0.135491
0.810156
0.800023
0.864177
0.985994
0.260937
0.871716
0.555071
0.887179
0.597776
0.65575
0.241783
0.107643
0.986441
0.947023
0.171228
0.592601
0.926567
0.341024
0.359043
0.930404
0.352272
0.17202
0.52676
0.355176
0.997914
0.264353
0.355176
0.271094
0.133483
0.384788
0.7342
0.840858
0.454347
0.052725
0.081933
0.10351
0.358488
0.862765
0.043345
0.606621
0.871115
0.941518
0.343468
0.986441
0.798181
0.944992
0.938126
0.519902
0.377331
0.668654
0.092148
0.901376
0.65575
0.989561
0.302977
0.180037
0.474616
0.626992
0.570336
0.871716
0.519902
0.503407
0.535348
0.169126
0.723286
0.656966
0.222017
0.911394
0.930404
0.975739
0.774665
0.955793
0.941719
0.216176
0.38859
0.12213
0.073256
0.979712
0.79089
0.528608
0.225191
0.849761
0.033485
0.406565
0.413543
0.855544
0.341659
0.380788
0.068492
0.353211
0.060797
0.836578
0.739153
0.815626
0.638778
0.474616
0.798181
0.38859
0.180376
0.869646
0.820652
0.535484
0.830986
0.748489
0.619815
0.307708
0.46633
0.534761
0.451873
0.06998
0.703189
0.763346
0.454347
0.120326
0.159039
0.264609
0.217648
0.711516
0.843316
0.723286
0.416376
0.70707
0.152442
0.159039
0.920888
0.06998
0.762167
0.023856
0.260937
0.994413
0.065956
0.684708
0.299402
0.607175
0.121573
0.237515
0.787712
0.243474
0.903849
0.784241
0.609508
0.454347
0.79089
0.674109
0.948044
0.665728
0.961468
0.674109
0.831823
0.454347
0.535348
0.054769
0.303781
0.206079
0.748489
0.961468
0.921604
0.440458
0.014323
0.994413
0.162451
0.184488
0.859204
0.638778
0.7342
0.358488
0.376686
0.299402
0.930822
0.638778
0.863241
0.656966
0.781346
0.416033
0.804113
0.909538
0.500864
0.568097
0.607175
0.883513
0.38859
0.644183
0.930442
0.373988
0.979712
0.468402
0.52728
0.669212
0.454347
0.971123
0.539353
0.836877
0.787712
0.071348
0.416376
0.093981
0.017038
0.413543
0.871115
0.436673
0.413543
0.581864
0.533548
0.634514
0.580798
0.592601
0.300181
0.384221
0.058954
0.637356
0.243474
0.474958
0.237515
0.875618
0.993017
0.471534
0.555071
0.909268
0.503407
0.413543
0.60456
0.509178
0.302977
0.21381
0.543271
0.535484
0.748489
0.378592
0.669212
0.093595
0.910229
0.279373
0.162451
0.684708
0.955629
0.222017
0.329575
0.406565
0.468816
0.050261
0.447959
0.247345
0.543271
0.500864
0.221855
0.6019
0.034041
0.10351
0.269154
0.446984
0.169126
0.861569
0.446984
0.205645
0.987474
0.468816
0.901376
0.638778
0.903849
0.352272
0.303781
0.815626
0.520502
0.194934
0.779521
0.437799
0.209197
0.04451
0.570336
0.843316
0.921604
0.04451
0.184538
0.751476
0.777498
0.4153
0.080038
0.384788
0.991896
0.777498
0.968653
0.855544
0.090396
0.450965
0.97166
0.468716
0.926567
0.089389
0.899961
0.633588
0.714417
0.883513
0.408787
0.871875
0.023856
0.727341
0.520502
0.921604
0.135502
0.938126
0.748489
0.901376
0.971123
0.930442
0.912573
0.997914
0.793061
0.804836
0.642655
0.4153
0.637356
0.519902
0.120326
0.779521
0.413543
0.500864
0.804113
0.526868
0.133483
0.491636
0.118569
0.955629
0.570336
0.312781
0.519902
0.120326
0.06998
0.220491
0.581864
0.090396
0.849761
0.614205
0.474958
0.503407
0.694092
0.339931
0.606661
0.52676
0.678756
0.519475
0.561001
0.384221
0.843316
0.243463
0.869646
0.068492
0.171228
0.798181
0.938126
0.883513
0.787712
0.296683
0.933098
0.166015
0.991896
0.221855
0.398979
0.673645
0.787712
0.517549
0.898318
0.666612
0.945546
0.353211
0.637356
0.225191
0.135502
0.978248
0.930144
0.7342
0.468402
0.355176
0.609191
0.777498
0.909268
0.180376
0.820652
0.912573
0.678756
0.152618
0.073256
0.797922
0.073256
0.416376
0.04708
0.171508
0.220491
0.534384
0.37617
0.955629
0.243474
0.777498
0.500864
0.221855
0.57144
0.060797
0.416033
0.681301
0.242726
0.994413
0.607175
0.830986
0.810156
0.658491
0.899961
0.468716
0.089389
0.868866
0.168366
0.302977
0.535348
0.580798
0.678756
0.384788
0.133483
0.408787
0.619815
0.986441
0.090396
0.905296
0.153278
0.792217
0.279373
0.903849
0.539353
0.633588
0.792217
0.974097
0.200822
0.926567
0.033485
0.347547
0.081933
0.243474
0.241783
0.668654
0.107643
0.180376
0.871115
0.923496
0.684708
0.892198
0.875618
0.65575
0.171508
0.727341
0.714152
0.947023
0.774665
0.358541
0.080038
0.878418
0.606661
0.657004
0.861569
0.947023
0.714417
0.793061
0.222017
0.830986
0.938126
0.10351
0.818822
0.471534
0.20507
0.614205
0.519475
0.447069
0.353211
0.787712
0.500864
0.97166
0.089389
0.666357
0.991896
0.04451
0.519475
0.256835
0.352272
0.665728
0.135491
0.519475
0.243474
0.241783
0.555071
0.917855
0.736726
0.945546
0.422124
0.34782
0.353211
0.180037
0.017038
0.04451
0.789807
0.205645
0.714417
0.358488
0.607175
0.694092
0.241783
0.093981
0.703189
0.343468
0.787898
0.152618
0.766735
0.909268
0.570336
0.540797
0.990932
0.748489
0.859204
0.17202
0.17202
0.619815
0.654256
0.694092
0.553175
0.06998
0.836877
0.810156
0.068492
0.986441
0.748489
0.451873
0.368157
0.938126
0.534384
0.162451
0.050261
0.317817
0.930822
0.422124
0.763346
0.054769
0.384221
0.563949
0.714152
0.930442
0.191789
0.451873
0.961468
0.714792
0.179599
0.093981
0.468402
0.529544
0.930404
0.023856
0.872416
0.016126
0.92937
0.818822
0.973478
0.447069
0.633588
0.133483
0.614711
0.642655
0.093595
0.879579
0.555071
0.965511
0.6703
0.454347
0.921604
0.017515
0.652271
0.570336
0.553175
0.269154
0.192714
0.989561
0.70707
0.544807
0.449299
0.849761
0.010474
0.751476
0.529544
0.225191
0.780888
0.989561
0.380788
0.387538
0.298119
0.487623
0.978248
0.013516
0.04451
0.159039
0.352272
0.347547
0.446984
0.241783
0.739153
0.739153
0.191789
0.938126
0.205645
0.917855
0.440458
0.756176
0.681301
0.794535
0.933098
0.781518
0.52676
0.491636
0.70707
0.868866
0.926567
0.307708
0.714152
0.399809
0.052725
0.359043
0.79089
0.736726
0.517549
0.861569
0.071348
0.930442
0.449299
0.071348
0.609508
0.447069
0.694092
0.789807
0.693748
0.947023
0.837784
0.017038
0.52947
0.703189
0.836877
0.298119
0.638778
0.027261
0.514265
0.862765
0.837784
0.614711
0.756176
0.364922
0.809297
0.051998
0.703189
0.756688
0.961468
0.91431
0.220491
0.121573
0.943634
0.440458
0.256835
0.759846
0.296683
0.871716
0.780888
0.413543
0.685728
0.912573
0.855544
0.408787
0.302977
0.184488
0.087017
0.879579
0.723286
0.637356
0.23748
0.249015
0.503407
0.530073
0.684708
0.439915
0.135491
0.563949
0.017038
0.465083
0.685998
0.474616
0.249015
0.869646
0.79089
0.528608
0.765299
0.684708
0.116429
0.256835
0.944992
0.04451
0.703189
0.679155
0.264609
0.089389
0.168585
0.023004
0.010474
0.474616
0.407493
0.679155
0.905296
0.168585
0.941518
0.116429
0.685998
0.413543
0.831823
0.662069
0.339931
0.152442
0.945546
0.575626
0.060797
0.271094
0.975739
0.70654
0.087017
0.081933
0.903849
0.529544
0.875618
0.798181
0.296683
0.07753
0.29961
0.883513
0.209197
0.168585
0.638778
0.440458
0.027261
0.03817
0.179599
0.311542
0.184488
0.246765
0.034041
0.013516
0.993017
0.034041
0.087017
0.8003
0.930822
0.241783
0.681301
0.909268
0.279373
0.065956
0.879579
0.298119
0.710096
0.861569
0.217289
0.341659
0.789807
0.563949
0.063932
0.883513
0.060797
0.755692
0.830986
0.849761
0.050261
0.422124
0.637356
0.990932
0.37617
0.792217
0.693748
0.491636
0.436673
0.711516
0.597776
0.955629
0.043345
0.910229
0.678756
0.377331
0.500864
0.279373
0.192714
0.016126
0.474958
0.872416
0.644067
0.262925
0.519475
0.307708
0.930144
0.351213
0.04451
0.848524
0.225191
0.285144
0.614205
0.087017
0.192714
0.04708
0.529544
0.909268
0.840858
0.519902
0.765299
0.763346
0.781518
0.998289
0.023856
0.938126
0.803832
0.243474
0.408787
0.359043
0.062416
0.343468
0.875618
0.787712
0.862765
0.993017
0.666612
0.987474
0.422124
0.11337
0.10351
0.917855
0.491636
0.06998
0.748489
0.724343
0.359043
0.194351
0.703189
0.824715
0.965511
0.377331
0.657004
0.400239
0.051998
0.945546
0.727341
0.452457
0.081933
0.339931
0.748489
0.513724
0.217289
0.058954
0.12213
0.171228
0.756176
0.133483
0.756176
0.989561
0.978248
0.225191
0.871716
0.723286
0.121573
0.724343
0.987474
0.789807
0.644067
0.926567
0.820652
0.930404
0.804113
0.70654
0.396886
0.789969
0.290061
0.191789
0.780062
0.290061
0.787898
0.23748
0.892198
0.592601
0.221855
0.774194
0.399809
0.153278
0.766467
0.794535
0.050261
0.366007
0.051998
0.789969
0.684708
0.296683
0.343468
0.568097
0.584937
0.368157
0.711516
0.073256
0.519902
0.092148
0.298119
0.302977
0.555071
0.359043
0.271094
0.217648
0.693748
0.987474
0.384221
0.831928
0.216176
0.487623
0.184029
0.021099
0.978248
0.260937
0.684708
0.068492
0.416376
0.872416
0.03817
0.234467
0.483406
0.535348
0.780888
0.693748
0.930144
0.474616
0.468402
0.657004
0.909538
0.384788
0.169126
0.668654
0.299402
0.52676
0.400239
0.184538
0.299402
0.243463
0.674109
0.058954
0.298119
0.534761
0.849761
0.384788
0.981401
0.358541
0.528712
0.017038
0.899961
0.222017
0.57144
0.171228
0.52676
0.540797
0.91384
0.191789
0.787898
0.714792
0.930404
0.355176
0.449299
0.116429
0.535484
0.849761
0.298119
0.781518
0.377331
0.592601
0.908797
0.216176
0.909538
0.875618
0.014323
0.947023
0.8003
0.180037
0.302977
0.930144
0.171228
0.120326
0.073256
0.921604
0.657004
0.685728
0.352272
0.859204
0.945546
0.23748
0.351213
0.249015
0.200049
0.436673
0.669212
0.789969
0.013516
0.068492
0.014323
0.220491
0.118569
0.271094
0.023856
0.869646
0.912573
0.777498
0.500864
0.987474
0.978248
0.447959
0.820652
0.290061
0.303781
0.930144
0.979712
0.581864
0.609508
0.842635
0.192714
0.923496
0.991896
0.694092
0.184538
0.774194
0.849761
0.883513
0.06998
0.815626
0.285144
0.979712
0.938126
0.727341
0.892198
0.945546
0.135491
0.8003
0.57144
0.311542
0.640058
0.413543
0.792217
0.748489
0.242726
0.917855
0.787898
0.955793
0.262925
0.570336
0.118569
0.993017
0.520502
0.017515
0.598122
0.175605
0.071348
0.871875
0.910229
0.843316
0.179599
0.535484
0.955793
0.38859
0.359043
0.243474
0.971123
0.987474
0.727341
0.727341
0.766735
0.762167
0.820374
0.944992
0.118569
0.378345
0.535348
0.945546
0.903849
0.280807
0.793061
0.70707
0.787712
0.606661
0.400239
0.717497
0.944992
0.607175
0.535484
0.917855
0.60456
0.669212
0.37617
0.869646
